0.00024375
0.00022941
0.0002145
0.00020574
0.00019873
0.00019657
0.00019575
0.00019578
0.0001953
0.00019526
0.00019462
0.00019437
0.00019358
0.00019318
0.00019229
0.00019179
0.00019084
0.00018993
0.00018943
0.00018845
0.00018751
0.00018698
0.00018599
0.00018504
0.0001845
0.00018351
0.00018256
0.00018201
0.00018102
0.00018008
0.00017954
0.00017856
0.00017763
0.00017709
0.00017612
0.0001752
0.00017432
0.00017382
0.00017289
0.00017199
0.00017112
0.00017064
0.00016972
0.00016884
0.00016799
0.00016717
0.00016673
0.00016584
0.00016498
0.00016416
0.00016336
0.00016257
0.00016215
0.00016129
0.00016047
0.00015967
0.00015889
0.00015813
0.00015738
0.00015664
0.00015591
0.00015518
0.00015446
